Iteration	CPUTime	PhysTime	Travels	Value	AvValue	MinValue	MaxValue	Delta	Criteria	Progress	dGMaxMin	CriteriaType	CriteriaVarType	CriteriaPercentage
1	1	0	0.0160306267	111457.5	111457.5	111457.5	111457.5	0	0	0	0	10160.5	0	0	3
2	1	0	0.0320612533	122603.25	117030.375	111457.5	122603.25	5572.875	0	0	0	34821.9	0	0	3
3	1	0	0.04809188	134863.575	122974.775	111457.5	134863.575	11517.275	0	0	0	48959.6	0	0	3
4	2	0	0.0641225067	148349.933	129318.564	111457.5	148349.933	17861.0644	0	0	0	65346.3	0	0	3
5	2	0	0.0801531333	162069.506	135868.753	111457.5	162069.506	24411.2527	0	0	0	73313.9	0	0	3
6	2	0	0.09618376	162787.263	140355.171	111457.5	162787.263	28897.6712	0	0	0	73654.3	0	0	3
7	2	0	0.112214387	163282.203	143630.461	111457.5	163282.203	32172.9614	0	0	0	71512.2	0	0	3
8	2	0	0.128245013	164623.05	146254.535	111457.5	164623.05	34797.035	0	0	0	70478.1	0	0	3
9	3	0	0.14427564	166416.355	148494.737	111457.5	166416.355	37037.2373	0	0	0	70714.2	0	0	3
10	3	0	0.160306267	168815.067	150526.77	111457.5	168815.067	39069.2702	0	0	0	72273.3	0	0	3
11	3	0	0.176336893	169184.082	152222.889	111457.5	169184.082	40765.3895	0	0	0	72789.5	0	0	3
12	3	0	0.19236752	170312.91	153730.391	111457.5	170312.91	42272.8912	0	0	0	74294.8	0	0	3
13	4	0	0.208398147	171938.927	155131.048	111457.5	171938.927	43673.5478	0	0	0	76149.2	0	0	3
14	4	0	0.224428773	173799.932	156464.539	111457.5	173799.932	45007.0395	0	0	0	78131	0	0	3
15	4	0	0.2404594	175677.198	157745.383	111457.5	175677.198	46287.8834	0	0	0	80220.7	0	0	3
16	4	0	0.256490027	176342.235	158907.687	111457.5	176342.235	47450.1866	0	0	0	81290.9	0	0	3
17	4	0	0.272520653	177429.226	159997.189	111457.5	177429.226	48539.6889	0	0	0	82812.8	0	0	3
18	5	0	0.28855128	178881.287	161046.305	111457.5	178881.287	49588.8055	0	0	0	84519.5	0	0	3
19	5	0	0.304581907	180501.338	162070.255	111457.5	180501.338	50612.7545	0	0	0	86222.7	0	0	3
20	5	0	0.320612533	182400.467	163086.765	111457.5	182400.467	51629.2651	0	0	0	88050.4	0	0	3
21	5	0	0.33664316	183078.811	164038.767	111457.5	183078.811	52581.2673	0	0	0	88873.5	0	0	3
22	6	0	0.352673787	184179.449	164954.253	111457.5	184179.449	53496.7528	0	0	0	90074	0	0	3
23	6	0	0.368704413	185518.658	165848.357	111457.5	185518.658	54390.8574	0	0	0	91387.4	0	0	3
24	6	0	0.38473504	187022.558	166730.616	111457.5	187022.558	55273.1158	0	0	0	93001.5	0	0	3
25	6	0	0.400765667	188546.783	167603.262	111457.5	188546.783	56145.7625	0	0	0	94631.7	0	0	3
26	6	0	0.416796293	189470.927	168444.327	111457.5	189470.927	56986.8265	0	0	0	96077	0	0	3
27	7	0	0.43282692	190589.204	169264.507	111457.5	190589.204	57807.0072	0	0	0	97554.1	0	0	3
28	7	0	0.448857547	192062.147	170078.709	111457.5	192062.147	58621.2086	0	0	0	99185.1	0	0	3
29	7	0	0.464888173	193501.267	170886.383	111457.5	193501.267	59428.883	0	0	0	100745	0	0	3
30	7	0	0.4809188	194786.443	171683.052	111457.5	194786.443	60225.5517	0	0	0	102388	0	0	3
31	8	0	0.496949427	195634.809	172455.689	111457.5	195634.809	60998.189	0	0	0	103451	0	0	3
32	8	0	0.512980053	196689.392	173212.992	111457.5	196689.392	61755.4922	0	0	0	104764	0	0	3
33	8	0	0.52901068	197839.989	175912.445	122603.25	197839.989	58882.07	0	0	0	105845	0	0	3
34	8	0	0.545041307	199080.06	178302.345	134863.575	199080.06	55327.5703	0	0	0	107155	0	0	3
35	9	0	0.561071933	200346.343	180348.682	148349.933	200346.343	51030.1175	0	0	0	108216	0	0	3
36	9	0	0.57710256	201194.847	182000.085	162069.506	201194.847	39125.3406	0	0	0	109288	0	0	3
37	9	0	0.593133187	202148.607	183252.557	162787.263	202148.607	39361.3439	0	0	0	110242	0	0	3
38	9	0	0.609163813	203195.513	184515.315	163282.203	203195.513	39913.3103	0	0	0	111340	0	0	3
39	10	0	0.62519444	204287.242	185796.723	164623.05	204287.242	39542.1876	0	0	0	114607	0	0	3
40	10	0	0.641225067	205413.389	187071.421	166416.355	205413.389	38576.6834	0	0	0	113717	0	0	3
41	10	0	0.657255693	206195.005	188314.504	168815.067	206195.005	37379.938	0	0	0	115062	0	0	3
42	10	0	0.67328632	207045.994	189509.22	169184.082	207045.994	37286.3305	0	0	0	118047	0	0	3
43	11	0	0.689316947	207950.097	190720.658	170312.91	207950.097	36990.2668	0	0	0	123844	0	0	3
44	11	0	0.705347573	208899.365	191926.485	171938.927	208899.365	36795.4369	0	0	0	129282	0	0	3
45	11	0	0.7213782	209883.001	193112.237	173799.932	209883.001	36083.0696	0	0	0	131322	0	0	3
46	11	0	0.737408827	210730.006	194266.302	175677.198	210730.006	35052.8076	0	0	0	123951	0	0	3
47	12	0	0.753439453	211635.352	195389.994	176342.235	211635.352	35293.1171	0	0	0	122590	0	0	3
48	12	0	0.76947008	212582.069	196522.489	177429.226	212582.069	35152.843	0	0	0	122174	0	0	3
49	12	0	0.785500707	213557.652	197651.502	178881.287	213557.652	34676.3647	0	0	0	123368	0	0	3
50	12	0	0.801531333	214556.643	198766.357	180501.338	214556.643	34055.3055	0	0	0	126549	0	0	3
51	13	0	0.81756196	215566.527	199862.144	182400.467	215566.527	33166.0603	0	0	0	132284	0	0	3
52	13	0	0.833592587	216593.081	200930.663	183078.811	216593.081	33514.2702	0	0	0	126761	0	0	3
53	13	0	0.849623213	217639.604	202010.688	184179.449	217639.604	33460.1553	0	0	0	127961	0	0	3
54	13	0	0.86565384	218696.134	203089.335	185518.658	218696.134	33177.4751	0	0	0	129077	0	0	3
55	14	0	0.881684467	219763.116	204159.474	187022.558	219763.116	32740.5576	0	0	0	130997	0	0	3
56	14	0	0.897715093	220833.074	205216.053	188546.783	220833.074	32286.2912	0	0	0	136795	0	0	3
57	14	0	0.91374572	221903.291	206258.443	189470.927	221903.291	32432.3634	0	0	0	136250	0	0	3
58	14	0	0.929776347	222982.199	207305.671	190589.204	222982.199	32392.9948	0	0	0	133837	0	0	3
59	15	0	0.945806974	224069.299	208351.924	192062.147	224069.299	32007.1523	0	0	0	135032	0	0	3
60	15	0	0.9618376	225155.178	209386.081	193501.267	225155.178	31653.9117	0	0	0	136176	0	0	3
61	15	0	0.977868227	226244.883	210409.319	194786.443	226244.883	31458.4404	0	0	0	137452	0	0	3
62	15	0	0.993898854	227332.885	211426.395	195634.809	227332.885	31698.0754	0	0	0	139328	0	0	3
63	16	0	1.00992948	228635.598	212457.67	196689.392	228635.598	31946.2055	2813.16068	0	8.8	145339	0	0	3
