Iteration	CPUTime	PhysTime	Travels	Value	AvValue	MinValue	MaxValue	Delta	Criteria	Progress	dGMaxMin	CriteriaType	CriteriaVarType	CriteriaPercentage
1	2	0	0.0117195194	0.683924921	0.683924921	0.683924921	0.683924921	0	0	0	0	204.204	0	0	3
2	3	0	0.0234390388	0.68262105	0.683272986	0.68262105	0.683924921	0.000651935565	0	0	0	173.987	0	0	3
3	3	0	0.0351585583	0.712141272	0.692895748	0.68262105	0.712141272	0.00962276202	0	0	0	161.301	0	0	3
4	4	0	0.0468780777	0.742806685	0.705373482	0.68262105	0.742806685	0.0221004964	0	0	0	170.152	0	0	3
5	4	0	0.0585975971	0.778064014	0.719911588	0.68262105	0.778064014	0.0366386028	0	0	0	176.976	0	0	3
6	4	0	0.0703171165	0.826857842	0.737735964	0.68262105	0.826857842	0.0544629784	0	0	0	186.434	0	0	3
7	5	0	0.0820366359	0.871717315	0.756876157	0.68262105	0.871717315	0.0736031714	0	0	0	192.466	0	0	3
8	5	0	0.0937561553	0.916084888	0.776777248	0.68262105	0.916084888	0.0935042628	0	0	0	197.261	0	0	3
9	6	0	0.105475675	0.959363343	0.797064592	0.68262105	0.959363343	0.113791607	0	0	0	201.176	0	0	3
10	6	0	0.117195194	1.00070792	0.817428925	0.68262105	1.00070792	0.134155939	0	0	0	204.442	0	0	3
11	6	0	0.128914714	1.05773443	0.83927488	0.68262105	1.05773443	0.156001894	0	0	0	208.644	0	0	3
12	7	0	0.140634233	1.10862591	0.861720799	0.68262105	1.10862591	0.178447814	0	0	0	211.395	0	0	3
13	7	0	0.152353752	1.15580968	0.884343021	0.68262105	1.15580968	0.201070035	0	0	0	213.77	0	0	3
14	8	0	0.164073272	1.2010712	0.906966462	0.68262105	1.2010712	0.223693476	0	0	0	215.908	0	0	3
15	8	0	0.175792791	1.24468366	0.929480942	0.68262105	1.24468366	0.246207956	0	0	0	217.882	0	0	3
16	9	0	0.187512311	1.30647602	0.953043134	0.68262105	1.30647602	0.269770149	0	0	0	220.563	0	0	3
17	9	0	0.19923183	1.36638303	0.977357246	0.68262105	1.36638303	0.29408426	0	0	0	222.443	0	0	3
18	9	0	0.21095135	1.42929827	1.00246508	0.68262105	1.42929827	0.319192095	0	0	0	223.923	0	0	3
19	10	0	0.222670869	1.49746572	1.02851775	0.68262105	1.49746572	0.34524476	0	0	0	225.25	0	0	3
20	10	0	0.234390388	1.57503441	1.05584358	0.68262105	1.57503441	0.372570593	0	0	0	226.657	0	0	3
21	11	0	0.246109908	1.70650211	1.08682732	0.68262105	1.70650211	0.403554333	0	0	0	228.207	0	0	3
22	11	0	0.257829427	1.86016535	1.12197905	0.68262105	1.86016535	0.438706062	0	0	0	229.403	0	0	3
23	12	0	0.269548947	2.03471752	1.16166333	0.68262105	2.03471752	0.478390343	0	0	0	230.232	0	0	3
24	12	0	0.281268466	2.21750947	1.20565692	0.68262105	2.21750947	0.522383933	0	0	0	231.358	0	0	3
25	12	0	0.292987985	2.40625095	1.25368068	0.68262105	2.40625095	0.570407694	0	0	0	232.178	0	0	3
26	13	0	0.304707505	2.70999659	1.30969283	0.68262105	2.70999659	0.626419844	0	0	0	233.499	0	0	3
27	13	0	0.316427024	3.02367907	1.3731738	0.68262105	3.02367907	0.689900816	0	0	0	233.905	0	0	3
28	14	0	0.328146544	3.36281151	1.44423229	0.68262105	3.36281151	0.760959306	0	0	0	234.749	0	0	3
29	14	0	0.339866063	3.73162065	1.52310775	0.68262105	3.73162065	0.839834766	0	0	0	235.264	0	0	3
30	15	0	0.351585583	4.13997796	1.61033676	0.68262105	4.13997796	0.927063773	0	0	0	236.25	0	0	3
31	15	0	0.363305102	4.79800308	1.7131647	0.68262105	4.79800308	1.02989172	0	0	0	236.907	0	0	3
32	15	0	0.375024621	5.46056422	1.83027094	0.68262105	5.46056422	1.14699795	0	0	0	237.774	0	0	3
33	16	0	0.386744141	6.15706857	1.96138602	0.68262105	6.15706857	1.27811303	0	0	0	238.033	0	0	3
34	16	0	0.39846366	6.8624622	2.10553532	0.68262105	6.8624622	1.42226233	0	0	0	239.14	0	0	3
35	17	0	0.41018318	7.51195319	2.2600044	0.68262105	7.51195319	1.57673141	0	0	0	239.523	0	0	3
36	17	0	0.421902699	8.16183169	2.42394405	0.68262105	8.16183169	1.74067106	0	0	0	240.759	0	0	3
37	18	0	0.433622218	8.41299249	2.58581022	0.68262105	8.41299249	1.90253724	0	0	0	240.812	0	0	3
38	18	0	0.445341738	8.5387433	2.74246636	0.68262105	8.5387433	2.05919337	0	0	0	242.017	0	0	3
39	18	0	0.457061257	8.56167973	2.89167695	0.68262105	8.56167973	2.20840397	0	0	0	241.768	0	0	3
40	19	0	0.468780777	8.5002217	3.03189057	0.68262105	8.56167973	2.34861759	0	0	0	243.089	0	0	3
41	19	0	0.480500296	8.46412871	3.16438419	0.68262105	8.56167973	2.4811112	0	0	0	242.743	0	0	3
42	20	0	0.492219816	8.34914466	3.28783086	0.68262105	8.56167973	2.60455788	0	0	0	243.46	0	0	3
43	20	0	0.503939335	8.25721667	3.40339798	0.68262105	8.56167973	2.72012499	0	0	0	242.853	0	0	3
44	21	0	0.515658854	8.14613782	3.57693781	0.68262105	8.56167973	2.89366483	0	0	0	243.654	0	0	3
45	21	0	0.527378374	8.03637587	3.74795536	0.712141272	8.56167973	3.05505962	0	0	0	243.243	0	0	3
46	22	0	0.539097893	7.95911768	3.9164897	0.742806685	8.56167973	3.21111622	0	0	0	244.41	0	0	3
47	22	0	0.550817413	7.88943775	4.08269042	0.778064014	8.56167973	3.36277883	0	0	0	244.41	0	0	3
48	23	0	0.562536932	7.87042723	4.2476291	0.826857842	8.56167973	3.50989314	0	0	0	245.988	0	0	3
49	23	0	0.574256451	7.82836243	4.41045479	0.871717315	8.56167973	3.65357863	0	0	0	245.538	0	0	3
50	23	0	0.585975971	7.83107129	4.57230023	0.916084888	8.56167973	3.79552298	0	0	0	246.605	0	0	3
51	24	0	0.59769549	7.80841294	4.73258693	0.959363343	8.56167973	3.93552234	0	0	0	246.61	0	0	3
52	24	0	0.60941501	7.83745235	4.89254249	1.00070792	8.56167973	4.07511356	0	0	0	247.802	0	0	3
53	25	0	0.621134529	7.84574619	5.05172943	1.05773443	8.56167973	4.21245455	0	0	0	247.972	0	0	3
54	25	0	0.632854049	7.88957496	5.21060944	1.10862591	8.56167973	4.34888864	0	0	0	249.081	0	0	3
55	26	0	0.644573568	7.90942777	5.36876762	1.15580968	8.56167973	4.4844246	0	0	0	249.233	0	0	3
56	26	0	0.656293087	7.94902012	5.52674926	1.2010712	8.56167973	4.6197828	0	0	0	250.259	0	0	3
57	27	0	0.668012607	7.96875449	5.68413724	1.24468366	8.56167973	4.7546563	0	0	0	250.311	0	0	3
58	27	0	0.679732126	7.99536644	5.84112986	1.30647602	8.56167973	4.88808673	0	0	0	251.584	0	0	3
59	27	0	0.691451646	7.99824409	5.99675238	1.36638303	8.56167973	5.01939513	0	0	0	251.495	0	0	3
60	28	0	0.703171165	8.02541278	6.15161353	1.42929827	8.56167973	5.14914845	0	0	0	252.851	0	0	3
61	28	0	0.714890684	8.02849858	6.30508331	1.49746572	8.56167973	5.27656556	0	0	0	252.289	0	0	3
62	29	0	0.726610204	8.05321754	6.45754265	1.57503441	8.56167973	5.40169908	0	0	0	253.743	0	0	3
63	29	0	0.738329723	8.06257055	6.60841559	1.70650211	8.56167973	5.52158827	0	0	0	253.411	0	0	3
64	30	0	0.750049243	8.09601617	6.75700894	1.86016535	8.56167973	5.63502989	0	0	0	254.689	0	0	3
65	30	0	0.761768762	8.09718296	6.90205586	2.03471752	8.56167973	5.74039253	0	0	0	254.339	0	0	3
66	31	0	0.773488282	8.1292959	7.04379024	2.21750947	8.56167973	5.83813332	0	0	0	255.802	0	0	3
67	31	0	0.785207801	8.14599305	7.18166195	2.40625095	8.56167973	5.92798127	0	0	0	254.803	0	0	3
68	31	0	0.79692732	8.17418792	7.31580002	2.70999659	8.56167973	5.85168314	0	0	0	256.415	0	0	3
69	32	0	0.80864684	8.19412179	7.44333782	3.02367907	8.56167973	5.53800066	0	0	0	255.454	0	0	3
70	32	0	0.820366359	8.22147157	7.56421671	3.36281151	8.56167973	5.19886822	0	0	0	257.226	0	0	3
71	33	0	0.832085879	8.25169131	7.67791159	3.73162065	8.56167973	4.83005908	0	0	0	256.409	0	0	3
72	33	0	0.843805398	8.28413648	7.78378405	4.13997796	8.56167973	4.42170177	0	0	0	258.006	0	0	3
73	34	0	0.855524917	8.32289895	7.88106128	4.79800308	8.56167973	3.76367665	0	0	0	257.801	0	0	3
74	34	0	0.867244437	8.36584835	7.96403443	5.46056422	8.56167973	3.10111551	0	0	0	259.188	0	0	3
75	35	0	0.878963956	8.40186595	8.03243679	6.15706857	8.56167973	2.40461116	0	0	0	258.991	0	0	3
76	35	0	0.890683476	8.44118865	8.08555587	6.8624622	8.56167973	1.69921753	0	0	0	260.084	0	0	3
77	35	0	0.902402995	8.47527711	8.12306319	7.51195319	8.56167973	1.04972654	0	0	0	259.139	0	0	3
78	36	0	0.914122515	8.51396913	8.14636589	7.80841294	8.56167973	0.753266793	0	0	0	260.638	0	0	3
79	36	0	0.925842034	8.55050181	8.15540473	7.80841294	8.56167973	0.753266793	0	0	0	259.958	0	0	3
80	37	0	0.937561553	8.58676684	8.15944599	7.80841294	8.58676684	0.778353908	0	0	0	261.366	0	0	3
81	37	0	0.949281073	8.62107755	8.16136074	7.80841294	8.62107755	0.812664614	0	0	0	260.647	0	0	3
82	38	0	0.961000592	8.66432975	8.16374795	7.80841294	8.66432975	0.85591681	0	0	0	262.145	0	0	3
83	38	0	0.972720112	8.70232705	8.16844807	7.80841294	8.70232705	0.893914118	0	0	0	262.039	0	0	3
84	39	0	0.984439631	8.73743096	8.17480394	7.80841294	8.73743096	0.929018028	0	0	0	263.297	0	0	3
85	39	0	0.99615915	8.77908922	8.18480265	7.80841294	8.77908922	0.97067628	0	0	0	263.071	0	0	3
86	40	0	1.00787867	8.81886745	8.1978643	7.80841294	8.81886745	1.01045451	0.243201785	0	24	264.082	0	0	3
