Iteration	CPUTime	PhysTime	Travels	Value	AvValue	MinValue	MaxValue	Delta	Criteria	Progress	dGMaxMin	CriteriaType	CriteriaVarType	CriteriaPercentage
1	2	0	0.0117195194	2.28286702e-06	2.28286702e-06	2.28286702e-06	2.28286702e-06	0	0	0	0	0	0	0	3
2	3	0	0.0234390388	5.25708117e-06	3.7699741e-06	2.28286702e-06	5.25708117e-06	1.48710708e-06	0	0	0	0	0	0	3
3	3	0	0.0351585583	2.35341359e-05	1.0358028e-05	2.28286702e-06	2.35341359e-05	8.07516102e-06	0	0	0	0	0	0	3
4	4	0	0.0468780777	1.36875346e-05	1.11904047e-05	2.28286702e-06	2.35341359e-05	8.90753765e-06	0	0	0	0	0	0	3
5	4	0	0.0585975971	1.26582612e-05	1.1483976e-05	2.28286702e-06	2.35341359e-05	9.20110896e-06	0	0	0	0	0	0	3
6	4	0	0.0703171165	7.06897681e-06	1.07481428e-05	2.28286702e-06	2.35341359e-05	9.20110896e-06	0	0	0	0	0	0	3
7	5	0	0.0820366359	6.57878382e-06	1.01525201e-05	2.28286702e-06	2.35341359e-05	9.20110896e-06	0	0	0	0	0	0	3
8	5	0	0.0937561553	8.22470823e-06	9.9115436e-06	2.28286702e-06	2.35341359e-05	9.20110896e-06	0	0	0	0	0	0	3
9	6	0	0.105475675	1.06033128e-05	9.98840684e-06	2.28286702e-06	2.35341359e-05	9.20110896e-06	0	0	0	0	0	0	3
10	6	0	0.117195194	1.3143212e-05	1.03038873e-05	2.28286702e-06	2.35341359e-05	9.20110896e-06	0	0	0	0	0	0	3
11	6	0	0.128914714	6.95412714e-06	9.99936369e-06	2.28286702e-06	2.35341359e-05	9.20110896e-06	0	0	0	0	0	0	3
12	7	0	0.140634233	6.61876145e-06	9.71764684e-06	2.28286702e-06	2.35341359e-05	9.20110896e-06	0	0	0	0	0	0	3
13	7	0	0.152353752	7.10752952e-06	9.51686859e-06	2.28286702e-06	2.35341359e-05	9.20110896e-06	0	0	0	0	0	0	3
14	8	0	0.164073272	8.17276014e-06	9.42086084e-06	2.28286702e-06	2.35341359e-05	9.20110896e-06	0	0	0	0	0	0	3
15	8	0	0.175792791	8.53561162e-06	9.36184422e-06	2.28286702e-06	2.35341359e-05	9.20110896e-06	0	0	0	0	0	0	3
16	9	0	0.187512311	4.3352125e-06	9.04767974e-06	2.28286702e-06	2.35341359e-05	9.20110896e-06	0	0	0	0	0	0	3
17	9	0	0.19923183	4.03793907e-06	8.75298911e-06	2.28286702e-06	2.35341359e-05	9.20110896e-06	0	0	0	0	0	0	3
18	9	0	0.21095135	4.3903072e-06	8.5106179e-06	2.28286702e-06	2.35341359e-05	9.20110896e-06	0	0	0	0	0	0	3
19	10	0	0.222670869	4.8480554e-06	8.31785145e-06	2.28286702e-06	2.35341359e-05	9.20110896e-06	0	0	0	0	0	0	3
20	10	0	0.234390388	5.28157761e-06	8.16603776e-06	2.28286702e-06	2.35341359e-05	9.20110896e-06	0	0	0	0	0	0	3
21	11	0	0.246109908	2.83311367e-06	7.91208899e-06	2.28286702e-06	2.35341359e-05	9.20110896e-06	0	0	0	0	0	0	3
22	11	0	0.257829427	2.97250609e-06	7.6875625e-06	2.28286702e-06	2.35341359e-05	9.20110896e-06	0	0	0	0	0	0	3
23	12	0	0.269548947	3.10744277e-06	7.48842686e-06	2.28286702e-06	2.35341359e-05	9.20110896e-06	0	0	0	0	0	0	3
24	12	0	0.281268466	3.60102804e-06	7.3264519e-06	2.28286702e-06	2.35341359e-05	9.20110896e-06	0	0	0	0	0	0	3
25	12	0	0.292987985	3.64574566e-06	7.17922365e-06	2.28286702e-06	2.35341359e-05	9.20110896e-06	0	0	0	0	0	0	3
26	13	0	0.304707505	1.8490448e-06	6.97421678e-06	1.8490448e-06	2.35341359e-05	9.20110896e-06	0	0	0	0	0	0	3
27	13	0	0.316427024	1.7541299e-06	6.78088022e-06	1.7541299e-06	2.35341359e-05	9.20110896e-06	0	0	0	0	0	0	3
28	14	0	0.328146544	1.93032323e-06	6.60764605e-06	1.7541299e-06	2.35341359e-05	9.20110896e-06	0	0	0	0	0	0	3
29	14	0	0.339866063	2.1143056e-06	6.45270327e-06	1.7541299e-06	2.35341359e-05	9.20110896e-06	0	0	0	0	0	0	3
30	15	0	0.351585583	2.3645733e-06	6.31643227e-06	1.7541299e-06	2.35341359e-05	9.20110896e-06	0	0	0	0	0	0	3
31	15	0	0.363305102	1.264248e-06	6.15345859e-06	1.264248e-06	2.35341359e-05	9.20110896e-06	0	0	0	0	0	0	3
32	15	0	0.375024621	1.21326129e-06	5.99907742e-06	1.21326129e-06	2.35341359e-05	9.20110896e-06	0	0	0	0	0	0	3
33	16	0	0.386744141	1.34719885e-06	5.8581114e-06	1.21326129e-06	2.35341359e-05	9.20110896e-06	0	0	0	0	0	0	3
34	16	0	0.39846366	1.41966416e-06	5.72756884e-06	1.21326129e-06	2.35341359e-05	9.20110896e-06	0	0	0	0	0	0	3
35	17	0	0.41018318	1.53581188e-06	5.60780435e-06	1.21326129e-06	2.35341359e-05	9.20110896e-06	0	0	0	0	0	0	3
36	17	0	0.421902699	8.11965385e-07	5.4745866e-06	8.11965385e-07	2.35341359e-05	9.20110896e-06	0	0	0	0	0	0	3
37	18	0	0.433622218	9.12709362e-07	5.35129262e-06	8.11965385e-07	2.35341359e-05	9.20110896e-06	0	0	0	0	0	0	3
38	18	0	0.445341738	9.96131061e-07	5.23668311e-06	8.11965385e-07	2.35341359e-05	9.20110896e-06	0	0	0	0	0	0	3
39	18	0	0.457061257	1.07499503e-06	5.12997316e-06	8.11965385e-07	2.35341359e-05	9.20110896e-06	0	0	0	0	0	0	3
40	19	0	0.468780777	1.21705695e-06	5.03215025e-06	8.11965385e-07	2.35341359e-05	9.20110896e-06	0	0	0	0	0	0	3
41	19	0	0.480500296	7.13641307e-07	4.92682077e-06	7.13641307e-07	2.35341359e-05	9.20110896e-06	0	0	0	0	0	0	3
42	20	0	0.492219816	8.96712231e-07	4.8308658e-06	7.13641307e-07	2.35341359e-05	9.20110896e-06	0	0	0	0	0	0	3
43	20	0	0.503939335	8.66249787e-07	4.73866543e-06	7.13641307e-07	2.35341359e-05	9.20110896e-06	0	0	0	0	0	0	3
44	21	0	0.515658854	8.92415084e-07	4.70632934e-06	7.13641307e-07	2.35341359e-05	7.71400188e-06	0	0	0	0	0	0	3
45	21	0	0.527378374	9.20410918e-07	4.60547654e-06	7.13641307e-07	2.35341359e-05	6.87849944e-06	0	0	0	0	0	0	3
46	22	0	0.539097893	9.36508943e-07	4.07995033e-06	7.13641307e-07	1.36875346e-05	7.40402565e-06	0	0	0	0	0	0	3
47	22	0	0.550817413	9.71635111e-07	3.78423174e-06	7.13641307e-07	1.3143212e-05	7.69974424e-06	0	0	0	0	0	0	3
48	23	0	0.562536932	9.79785692e-07	3.51263929e-06	7.13641307e-07	1.3143212e-05	7.2355035e-06	0	0	0	0	0	0	3
49	23	0	0.574256451	1.02220394e-06	3.37201666e-06	7.13641307e-07	1.3143212e-05	6.93187069e-06	0	0	0	0	0	0	3
50	23	0	0.585975971	1.10433985e-06	3.24470401e-06	7.13641307e-07	1.3143212e-05	7.05918334e-06	0	0	0	0	0	0	3
51	24	0	0.59769549	1.17204996e-06	3.0806887e-06	7.13641307e-07	1.3143212e-05	7.22319865e-06	0	0	0	0	0	0	3
52	24	0	0.60941501	1.19607317e-06	2.86191569e-06	7.13641307e-07	1.3143212e-05	7.44197166e-06	0	0	0	0	0	0	3
53	25	0	0.621134529	1.23667152e-06	2.5850194e-06	7.13641307e-07	8.53561162e-06	7.4143443e-06	0	0	0	0	0	0	3
54	25	0	0.632854049	1.24262189e-06	2.4521937e-06	7.13641307e-07	8.53561162e-06	7.26545314e-06	0	0	0	0	0	0	3
55	26	0	0.644573568	1.278515e-06	2.32800192e-06	7.13641307e-07	8.53561162e-06	7.18886667e-06	0	0	0	0	0	0	3
56	26	0	0.656293087	1.28404852e-06	2.19257213e-06	7.13641307e-07	8.53561162e-06	7.22828871e-06	0	0	0	0	0	0	3
57	27	0	0.668012607	1.31844573e-06	2.03316947e-06	7.13641307e-07	8.53561162e-06	7.32867476e-06	0	0	0	0	0	0	3
58	27	0	0.679732126	1.30995337e-06	1.8651309e-06	7.13641307e-07	5.28157761e-06	4.5679363e-06	0	0	0	0	0	0	3
59	27	0	0.691451646	1.34735885e-06	1.79564593e-06	7.13641307e-07	5.28157761e-06	4.5679363e-06	0	0	0	0	0	0	3
60	28	0	0.703171165	1.33204716e-06	1.73271822e-06	7.13641307e-07	5.28157761e-06	4.5679363e-06	0	0	0	0	0	0	3
61	28	0	0.714890684	1.37288224e-06	1.66254554e-06	7.13641307e-07	5.28157761e-06	4.5679363e-06	0	0	0	0	0	0	3
62	29	0	0.726610204	1.3424428e-06	1.58101967e-06	7.13641307e-07	5.28157761e-06	4.5679363e-06	0	0	0	0	0	0	3
63	29	0	0.738329723	1.38210248e-06	1.4903342e-06	7.13641307e-07	3.64574566e-06	2.93210435e-06	0	0	0	0	0	0	3
64	30	0	0.750049243	1.36414611e-06	1.45617216e-06	7.13641307e-07	3.64574566e-06	2.93210435e-06	0	0	0	0	0	0	3
65	30	0	0.761768762	1.40201038e-06	1.41964901e-06	7.13641307e-07	3.64574566e-06	2.93210435e-06	0	0	0	0	0	0	3
66	31	0	0.773488282	1.36745894e-06	1.37918427e-06	7.13641307e-07	3.64574566e-06	2.93210435e-06	0	0	0	0	0	0	3
67	31	0	0.785207801	1.41441098e-06	1.32833271e-06	7.13641307e-07	3.64574566e-06	2.93210435e-06	0	0	0	0	0	0	3
68	31	0	0.79692732	1.56973145e-06	1.28005331e-06	7.13641307e-07	2.3645733e-06	1.65093199e-06	0	0	0	0	0	0	3
69	32	0	0.80864684	1.46135364e-06	1.27103723e-06	7.13641307e-07	2.3645733e-06	1.65093199e-06	0	0	0	0	0	0	3
70	32	0	0.820366359	1.61593381e-06	1.26782337e-06	7.13641307e-07	2.3645733e-06	1.65093199e-06	0	0	0	0	0	0	3
71	33	0	0.832085879	1.49444728e-06	1.25768672e-06	7.13641307e-07	2.3645733e-06	1.65093199e-06	0	0	0	0	0	0	3
72	33	0	0.843805398	1.65032389e-06	1.24689645e-06	7.13641307e-07	2.3645733e-06	1.65093199e-06	0	0	0	0	0	0	3
73	34	0	0.855524917	1.52518381e-06	1.22737576e-06	7.13641307e-07	1.65032389e-06	9.36682581e-07	0	0	0	0	0	0	3
74	34	0	0.867244437	1.47688363e-06	1.23232078e-06	7.13641307e-07	1.65032389e-06	9.36682581e-07	0	0	0	0	0	0	3
75	35	0	0.878963956	1.50289281e-06	1.23905639e-06	7.13641307e-07	1.65032389e-06	9.36682581e-07	0	0	0	0	0	0	3
76	35	0	0.890683476	1.46105569e-06	1.24170423e-06	7.13641307e-07	1.65032389e-06	9.36682581e-07	0	0	0	0	0	0	3
77	35	0	0.902402995	1.5044145e-06	1.24367517e-06	7.13641307e-07	1.65032389e-06	9.36682581e-07	0	0	0	0	0	0	3
78	36	0	0.914122515	2.03094628e-06	1.25518992e-06	7.13641307e-07	2.03094628e-06	1.31730498e-06	0	0	0	0	0	0	3
79	36	0	0.925842034	1.55240225e-06	1.27240938e-06	7.13641307e-07	2.03094628e-06	1.31730498e-06	0	0	0	0	0	0	3
80	37	0	0.937561553	2.07216073e-06	1.29937337e-06	7.13641307e-07	2.07216073e-06	1.35851942e-06	0	0	0	0	0	0	3
81	37	0	0.949281073	1.57745425e-06	1.31289251e-06	7.13641307e-07	2.07216073e-06	1.35851942e-06	0	0	0	0	0	0	3
82	38	0	0.961000592	2.10434313e-06	1.33683084e-06	7.13641307e-07	2.10434313e-06	1.39070182e-06	0	0	0	0	0	0	3
83	38	0	0.972720112	1.92402308e-06	1.35327191e-06	7.13641307e-07	2.10434313e-06	1.39070182e-06	0	0	0	0	0	0	3
84	39	0	0.984439631	1.5325857e-06	1.37231713e-06	8.66249787e-07	2.10434313e-06	1.23809334e-06	0	0	0	0	0	0	3
85	39	0	0.99615915	1.8850132e-06	1.39530087e-06	8.66249787e-07	2.10434313e-06	1.23809334e-06	0	0	0	0	0	0	3
86	40	0	1.00787867	1.80616252e-06	1.41715931e-06	8.92415084e-07	2.10434313e-06	1.21192805e-06	0.000513319696	0	0	0	0	0	3
