Iteration	CPUTime	PhysTime	Travels	Value	AvValue	MinValue	MaxValue	Delta	Criteria	Progress	dGMaxMin	CriteriaType	CriteriaVarType	CriteriaPercentage
1	2	0	0.0117195194	101325.097	101325.097	101325.097	101325.097	0	0	0	0	42774.4	0	0	3
2	3	0	0.0234390388	101325.093	101325.095	101325.093	101325.097	0.00240867413	0	0	0	50134.8	0	0	3
3	3	0	0.0351585583	101325.093	101325.094	101325.093	101325.097	0.00297452683	0	0	0	60524	0	0	3
4	4	0	0.0468780777	101325.094	101325.094	101325.093	101325.097	0.00314694701	0	0	0	63703.7	0	0	3
5	4	0	0.0585975971	101325.093	101325.094	101325.093	101325.097	0.00338255602	0	0	0	65827.1	0	0	3
6	4	0	0.0703171165	101325.092	101325.094	101325.092	101325.097	0.00375324131	0	0	0	66760.7	0	0	3
7	5	0	0.0820366359	101325.091	101325.093	101325.091	101325.097	0.00415405292	0	0	0	67060.8	0	0	3
8	5	0	0.0937561553	101325.09	101325.093	101325.09	101325.097	0.00451977701	0	0	0	67064.5	0	0	3
9	6	0	0.105475675	101325.09	101325.093	101325.09	101325.097	0.00481125207	0	0	0	67441.2	0	0	3
10	6	0	0.117195194	101325.091	101325.092	101325.09	101325.097	0.00498105513	0	0	0	68082.4	0	0	3
11	6	0	0.128914714	101325.092	101325.092	101325.09	101325.097	0.00502854992	0	0	0	68745.6	0	0	3
12	7	0	0.140634233	101325.093	101325.092	101325.09	101325.097	0.00502854992	0	0	0	68899.9	0	0	3
13	7	0	0.152353752	101325.094	101325.092	101325.09	101325.097	0.00502854992	0	0	0	68356.2	0	0	3
14	8	0	0.164073272	101325.095	101325.093	101325.09	101325.097	0.00502854992	0	0	0	69008.2	0	0	3
15	8	0	0.175792791	101325.097	101325.093	101325.09	101325.097	0.00502854992	0	0	0	70657.3	0	0	3
16	9	0	0.187512311	101325.099	101325.093	101325.09	101325.099	0.00502854992	0	0	0	71985	0	0	3
17	9	0	0.19923183	101325.1	101325.094	101325.09	101325.1	0.00502854992	0	0	0	73409.5	0	0	3
18	9	0	0.21095135	101325.102	101325.094	101325.09	101325.102	0.00502854992	0	0	0	74926.2	0	0	3
19	10	0	0.222670869	101325.104	101325.095	101325.09	101325.104	0.00502854992	0	0	0	76435.8	0	0	3
20	10	0	0.234390388	101325.108	101325.095	101325.09	101325.108	0.00502854992	0	0	0	77735.5	0	0	3
21	11	0	0.246109908	101325.116	101325.096	101325.09	101325.116	0.00502854992	0	0	0	78917.2	0	0	3
22	11	0	0.257829427	101325.129	101325.098	101325.09	101325.129	0.00552516134	0	0	0	80039.9	0	0	3
23	12	0	0.269548947	101325.146	101325.1	101325.09	101325.146	0.00762380517	0	0	0	80982.8	0	0	3
24	12	0	0.281268466	101325.164	101325.103	101325.09	101325.164	0.0103008064	0	0	0	82905.5	0	0	3
25	12	0	0.292987985	101325.183	101325.106	101325.09	101325.183	0.013508274	0	0	0	85123.3	0	0	3
26	13	0	0.304707505	101325.211	101325.11	101325.09	101325.211	0.0175378819	0	0	0	87570.4	0	0	3
27	13	0	0.316427024	101325.25	101325.115	101325.09	101325.25	0.0227461809	0	0	0	89782.7	0	0	3
28	14	0	0.328146544	101325.313	101325.122	101325.09	101325.313	0.029824612	0	0	0	91770.4	0	0	3
29	14	0	0.339866063	101325.406	101325.132	101325.09	101325.406	0.0396151248	0	0	0	93638.1	0	0	3
30	15	0	0.351585583	101325.547	101325.146	101325.09	101325.547	0.0534513735	0	0	0	95493.5	0	0	3
31	15	0	0.363305102	101325.92	101325.171	101325.09	101325.92	0.0784300692	0	0	0	97643	0	0	3
32	15	0	0.375024621	101326.596	101325.215	101325.09	101326.596	0.122981357	0	0	0	99567.9	0	0	3
33	16	0	0.386744141	101327.674	101325.29	101325.09	101327.674	0.197482538	0	0	0	101241	0	0	3
34	16	0	0.39846366	101329.297	101325.408	101325.09	101329.297	0.315348064	0	0	0	102795	0	0	3
35	17	0	0.41018318	101331.526	101325.582	101325.09	101331.526	0.490169549	0	0	0	104157	0	0	3
36	17	0	0.421902699	101337.028	101325.9	101325.09	101337.028	0.80808989	0	0	0	107353	0	0	3
37	18	0	0.433622218	101346.65	101326.461	101325.09	101346.65	1.3689034	0	0	0	110386	0	0	3
38	18	0	0.445341738	101362.394	101327.407	101325.09	101362.394	2.31450248	0	0	0	112984	0	0	3
39	18	0	0.457061257	101381.875	101328.803	101325.09	101381.875	3.71111461	0	0	0	115012	0	0	3
40	19	0	0.468780777	101399.161	101330.562	101325.09	101399.161	5.47004834	0	0	0	116839	0	0	3
41	19	0	0.480500296	101414.233	101332.603	101325.09	101414.233	7.51079415	0	0	0	118490	0	0	3
42	20	0	0.492219816	101419.392	101334.669	101325.09	101419.392	9.57720073	0	0	0	119738	0	0	3
43	20	0	0.503939335	101419.116	101336.633	101325.09	101419.392	11.5410762	0	0	0	120437	0	0	3
44	21	0	0.515658854	101415.362	101338.733	101325.09	101419.392	13.6402619	0	0	0	121146	0	0	3
45	21	0	0.527378374	101411.417	101340.74	101325.09	101419.392	15.6477978	0	0	0	121554	0	0	3
46	22	0	0.539097893	101407.114	101342.648	101325.09	101419.392	17.555267	0	0	0	122186	0	0	3
47	22	0	0.550817413	101403.646	101344.474	101325.09	101419.392	19.3820705	0	0	0	122604	0	0	3
48	23	0	0.562536932	101399.618	101346.208	101325.09	101419.392	21.115214	0	0	0	123354	0	0	3
49	23	0	0.574256451	101398.597	101347.917	101325.09	101419.392	22.8246288	0	0	0	123810	0	0	3
50	23	0	0.585975971	101396.754	101349.583	101325.09	101419.392	24.4912064	0	0	0	124657	0	0	3
51	24	0	0.59769549	101397.116	101351.259	101325.09	101419.392	26.1662143	0	0	0	125118	0	0	3
52	24	0	0.60941501	101396.844	101352.927	101325.091	101419.392	27.8348997	0	0	0	126173	0	0	3
53	25	0	0.621134529	101397.887	101354.62	101325.092	101419.392	29.5278234	0	0	0	126727	0	0	3
54	25	0	0.632854049	101398.788	101356.334	101325.093	101419.392	31.2416676	0	0	0	127803	0	0	3
55	26	0	0.644573568	101401.049	101358.1	101325.094	101419.392	33.0079712	0	0	0	128430	0	0	3
56	26	0	0.656293087	101402.333	101359.897	101325.095	101419.392	34.8040106	0	0	0	129527	0	0	3
57	27	0	0.668012607	101404.981	101361.754	101325.097	101419.392	36.6615115	0	0	0	130213	0	0	3
58	27	0	0.679732126	101406.877	101363.656	101325.099	101419.392	38.5630057	0	0	0	131322	0	0	3
59	27	0	0.691451646	101408.886	101365.605	101325.1	101419.392	40.5111414	0	0	0	132045	0	0	3
60	28	0	0.703171165	101410.461	101367.59	101325.102	101419.392	42.4958207	0	0	0	133161	0	0	3
61	28	0	0.714890684	101412.341	101369.619	101325.104	101419.392	44.5241186	0	0	0	133884	0	0	3
62	29	0	0.726610204	101413.939	101371.685	101325.108	101419.392	46.5893849	0	0	0	135009	0	0	3
63	29	0	0.738329723	101415.09	101373.777	101325.116	101419.392	48.6810047	0	0	0	135725	0	0	3
64	30	0	0.750049243	101415.915	101375.889	101325.129	101419.392	50.7911211	0	0	0	136868	0	0	3
65	30	0	0.761768762	101417.228	101378.031	101325.146	101419.392	52.9308567	0	0	0	137574	0	0	3
66	31	0	0.773488282	101418.194	101380.195	101325.164	101419.392	55.0920939	0	0	0	138616	0	0	3
67	31	0	0.785207801	101419.758	101382.395	101325.183	101419.758	57.2887354	0	0	0	139177	0	0	3
68	31	0	0.79692732	101420.325	101384.607	101325.211	101420.325	59.4973063	0	0	0	140194	0	0	3
69	32	0	0.80864684	101421.59	101386.849	101325.25	101421.59	61.733471	0	0	0	140616	0	0	3
70	32	0	0.820366359	101421.758	101389.093	101325.313	101421.758	63.9707441	0	0	0	141583	0	0	3
71	33	0	0.832085879	101421.932	101391.34	101325.406	101421.932	66.2078903	0	0	0	142107	0	0	3
72	33	0	0.843805398	101421.554	101393.576	101325.547	101421.932	68.4300536	0	0	0	142982	0	0	3
73	34	0	0.855524917	101421.875	101395.816	101325.92	101421.932	70.6452611	0	0	0	143576	0	0	3
74	34	0	0.867244437	101422.196	101398.055	101326.596	101422.196	72.8396777	0	0	0	144648	0	0	3
75	35	0	0.878963956	101422.83	101400.293	101327.674	101422.83	75.003158	0	0	0	145277	0	0	3
76	35	0	0.890683476	101423.128	101402.513	101329.297	101423.128	77.105159	0	0	0	146342	0	0	3
77	35	0	0.902402995	101423.554	101404.705	101331.526	101423.554	79.1223549	0	0	0	146882	0	0	3
78	36	0	0.914122515	101423.474	101406.843	101337.028	101423.554	80.9427577	0	0	0	147897	0	0	3
79	36	0	0.925842034	101423.489	101408.854	101346.65	101423.554	76.9034695	0	0	0	148421	0	0	3
80	37	0	0.937561553	101423.702	101410.646	101362.394	101423.702	61.3084668	0	0	0	149402	0	0	3
81	37	0	0.949281073	101423.362	101412.064	101381.875	101423.702	41.8277595	0	0	0	149928	0	0	3
82	38	0	0.961000592	101423.875	101413.04	101396.754	101423.875	27.1211585	0	0	0	150939	0	0	3
83	38	0	0.972720112	101423.668	101413.61	101396.754	101423.875	27.1211585	0	0	0	151596	0	0	3
84	39	0	0.984439631	101423.869	101413.834	101396.754	101423.875	27.1211585	0	0	0	152698	0	0	3
85	39	0	0.99615915	101424.032	101413.942	101396.754	101424.032	27.2787079	0	0	0	153248	0	0	3
86	40	0	1.00787867	101424.198	101414.06	101396.754	101424.198	27.4443272	2.9732325	0	10.8	154341	0	0	3
